$SPEC_ID:
Bottom NaI(Ti)
$SPEC_REM:
DET# 1
DETDESC# ISC-PHYSICS3 Easy-MCA-8k SN 11255024
AP# Maestro Version 6.08
$DATE_MEA:
10/14/2022 12:59:00
$MEAS_TIM:
598 599
$DATA:
0 4095
       0
       0
       0
       0
       7
    3444
   21922
   15464
    3239
     401
      81
     410
     175
      93
     100
      96
      67
      72
      55
      57
      38
      35
      29
      28
      25
      15
      31
      16
      13
      21
      21
      13
      17
      17
      10
      16
      19
      16
      16
      14
      14
      12
      14
      12
      14
      16
      20
      11
      15
      17
      16
      16
      10
      19
      16
      17
      19
      16
      25
      19
      11
      15
      16
      18
      17
      14
      15
      10
      16
      13
      18
      14
      19
      19
      19
      16
      14
       7
      18
      16
      12
      17
      12
      14
      10
      12
      12
      20
      23
      19
      16
      12
      17
      20
      22
      12
      21
      19
      14
      20
      13
      22
      21
      16
      16
      12
      18
      20
      15
      16
      24
      13
      12
      15
      11
      19
      20
      12
      16
      19
      15
      13
      14
       9
      18
      17
      21
      15
      13
      11
      13
      17
      20
      17
      18
      23
      19
      18
      20
      20
      23
      15
      19
      23
      28
      15
      24
      13
      25
      18
      28
      15
      19
      33
      28
      30
      28
      33
      24
      18
      22
      21
      27
      18
      23
      24
      26
      27
      29
      23
      27
      22
      30
      26
      18
      21
      18
      25
      16
      26
      24
      19
      26
      22
      19
      18
      20
      23
      28
      14
      19
      17
      15
      14
      29
      15
      16
      18
      25
      29
      25
      21
      22
      14
      18
      20
      17
      17
      15
      21
      18
      20
      28
      29
      26
      19
      21
      20
      18
      25
      18
      19
      23
      16
      23
      29
      26
      25
      24
      27
      29
      24
      33
      22
      23
      29
      29
      30
      41
      23
      27
      27
      34
      14
      22
      35
      34
      34
      31
      19
      17
      26
      23
      22
      11
      33
      30
      27
      23
      23
      25
      20
      29
      34
      24
      22
      32
      22
      25
      25
      26
      21
      28
      18
      27
      29
      24
      21
      16
      21
      24
      24
      27
      30
      26
      29
      22
      21
      22
      27
      25
      20
      28
      19
      23
      29
      29
      26
      14
      22
      20
      29
      17
      18
      30
      22
      21
      26
      29
      19
      31
      21
      23
      33
      31
      28
      15
      26
      25
      13
      25
      19
      23
      28
      21
      26
      33
      34
      25
      28
      22
      22
      22
      31
      25
      31
      30
      31
      37
      30
      34
      39
      39
      34
      37
      30
      38
      28
      34
      37
      41
      25
      32
      36
      37
      38
      34
      30
      37
      38
      47
      47
      47
      53
      40
      50
      57
      61
      53
      56
      52
      68
      67
      72
      84
      82
      88
      64
      83
      86
      86
      91
      91
      78
     102
      97
      92
      99
      85
      92
      80
     110
      93
     102
     114
      95
     114
     111
     123
     117
     106
     110
      88
      96
      99
      90
      83
      90
     100
      94
      83
      84
      63
      92
      81
      84
      71
      78
      75
      64
      68
      67
      65
      62
      59
      66
      58
      69
      64
      63
      60
      45
      57
      55
      54
      53
      72
      51
      61
      65
      58
      84
      52
      65
      55
      71
      57
      59
      57
      71
      61
      62
      58
      48
      67
      56
      54
      61
      62
      50
      48
      50
      62
      57
      53
      43
      57
      63
      49
      50
      38
      45
      37
      47
      33
      51
      39
      38
      38
      33
      36
      29
      39
      38
      27
      32
      39
      36
      30
      32
      34
      39
      37
      26
      33
      31
      39
      30
      28
      23
      30
      32
      31
      35
      28
      34
      39
      39
      29
      42
      40
      30
      29
      34
      32
      34
      34
      33
      28
      33
      33
      28
      41
      32
      43
      27
      34
      29
      23
      29
      26
      36
      38
      26
      31
      33
      35
      29
      26
      28
      26
      30
      21
      27
      29
      29
      35
      37
      30
      25
      29
      28
      41
      29
      34
      30
      29
      42
      27
      26
      29
      44
      31
      33
      29
      32
      31
      36
      35
      24
      35
      30
      40
      33
      31
      32
      35
      36
      34
      29
      29
      30
      40
      33
      37
      36
      40
      33
      39
      38
      37
      41
      22
      29
      40
      23
      25
      31
      22
      25
      43
      24
      44
      37
      31
      31
      32
      33
      32
      33
      31
      38
      28
      29
      27
      41
      39
      28
      32
      27
      30
      28
      38
      31
      37
      34
      37
      32
      31
      41
      36
      35
      28
      30
      27
      31
      27
      37
      33
      39
      35
      33
      30
      33
      29
      29
      32
      36
      28
      40
      26
      32
      32
      32
      32
      29
      34
      39
      30
      11
      27
      31
      31
      39
      33
      30
      38
      30
      33
      37
      41
      30
      37
      32
      42
      41
      33
      35
      39
      40
      28
      41
      32
      33
      26
      43
      32
      36
      47
      37
      37
      42
      29
      44
      32
      28
      38
      38
      31
      25
      39
      32
      35
      30
      31
      39
      24
      42
      30
      34
      33
      33
      38
      32
      32
      35
      29
      48
      41
      38
      37
      37
      45
      28
      28
      34
      30
      30
      24
      32
      47
      27
      33
      31
      41
      28
      42
      34
      21
      29
      41
      33
      31
      30
      34
      35
      31
      34
      28
      39
      38
      35
      43
      35
      24
      33
      39
      35
      32
      31
      27
      22
      29
      34
      30
      27
      36
      37
      33
      35
      29
      27
      27
      25
      35
      39
      38
      32
      43
      40
      37
      33
      33
      39
      19
      30
      37
      25
      39
      33
      46
      30
      29
      34
      20
      44
      34
      27
      27
      44
      41
      28
      40
      40
      38
      43
      47
      35
      25
      37
      24
      35
      34
      28
      41
      34
      29
      36
      28
      31
      33
      27
      37
      36
      29
      35
      30
      34
      24
      36
      38
      42
      37
      47
      29
      39
      32
      26
      34
      26
      28
      38
      28
      38
      28
      29
      28
      27
      30
      43
      26
      37
      34
      29
      44
      29
      43
      25
      32
      44
      37
      39
      37
      40
      31
      31
      31
      43
      36
      32
      39
      39
      40
      41
      39
      30
      29
      35
      40
      33
      56
      29
      31
      34
      45
      46
      34
      40
      50
      44
      44
      47
      39
      35
      44
      46
      40
      43
      35
      32
      44
      44
      45
      38
      28
      45
      50
      45
      48
      38
      49
      29
      42
      40
      42
      42
      49
      25
      43
      50
      54
      36
      37
      28
      43
      53
      48
      47
      49
      53
      45
      35
      34
      54
      38
      54
      39
      41
      41
      39
      44
      40
      41
      52
      41
      40
      35
      44
      42
      36
      42
      40
      40
      43
      38
      47
      50
      41
      49
      43
      56
      48
      40
      40
      42
      42
      39
      57
      30
      30
      35
      46
      29
      42
      39
      30
      38
      40
      38
      41
      27
      40
      41
      32
      52
      34
      54
      40
      46
      43
      48
      48
      38
      29
      50
      48
      51
      41
      47
      47
      37
      49
      32
      38
      42
      47
      34
      53
      45
      44
      41
      29
      38
      42
      46
      41
      33
      44
      32
      41
      36
      40
      39
      47
      43
      47
      42
      31
      32
      34
      38
      35
      44
      37
      46
      46
      44
      34
      34
      37
      40
      45
      37
      36
      40
      40
      48
      38
      43
      36
      35
      35
      36
      40
      34
      32
      41
      51
      45
      41
      49
      38
      40
      57
      46
      52
      34
      48
      46
      46
      38
      40
      54
      36
      47
      44
      43
      43
      37
      39
      37
      42
      42
      56
      40
      49
      52
      46
      48
      46
      47
      39
      43
      40
      36
      47
      29
      53
      49
      47
      39
      38
      43
      53
      44
      42
      34
      52
      45
      45
      42
      52
      44
      40
      47
      50
      43
      53
      62
      47
      40
      44
      46
      46
      55
      38
      39
      47
      40
      42
      39
      45
      49
      46
      43
      41
      51
      49
      34
      45
      41
      43
      51
      36
      39
      38
      47
      50
      35
      47
      47
      54
      37
      52
      52
      41
      43
      50
      45
      48
      39
      41
      43
      45
      42
      48
      46
      39
      47
      48
      51
      44
      60
      49
      44
      41
      48
      46
      38
      44
      48
      52
      36
      44
      42
      42
      48
      41
      56
      51
      44
      50
      46
      48
      52
      40
      46
      50
      47
      41
      37
      40
      60
      36
      51
      41
      41
      56
      60
      41
      51
      49
      41
      28
      38
      44
      35
      40
      39
      38
      37
      50
      51
      38
      48
      34
      41
      38
      44
      44
      40
      43
      55
      41
      51
      41
      47
      31
      46
      34
      35
      23
      48
      32
      46
      49
      40
      35
      46
      40
      39
      44
      34
      44
      39
      38
      32
      44
      44
      37
      44
      30
      42
      44
      40
      43
      43
      36
      46
      40
      40
      32
      41
      31
      41
      30
      35
      42
      40
      36
      23
      29
      49
      38
      32
      35
      37
      43
      45
      44
      32
      41
      42
      35
      46
      42
      29
      46
      32
      36
      32
      29
      46
      32
      25
      32
      28
      35
      43
      37
      29
      38
      32
      37
      26
      26
      29
      23
      26
      29
      39
      23
      30
      26
      27
      38
      24
      21
      28
      31
      25
      30
      31
      34
      48
      21
      29
      27
      32
      33
      34
      36
      31
      26
      33
      34
      31
      23
      25
      35
      30
      38
      35
      32
      36
      32
      35
      32
      22
      37
      41
      27
      29
      33
      32
      36
      27
      27
      27
      32
      18
      31
      35
      28
      39
      27
      36
      27
      29
      28
      27
      23
      34
      32
      38
      39
      28
      22
      32
      32
      35
      41
      27
      32
      36
      36
      32
      33
      28
      28
      32
      40
      32
      39
      27
      30
      28
      33
      29
      30
      25
      21
      22
      25
      35
      34
      28
      24
      20
      31
      29
      26
      32
      44
      31
      28
      40
      22
      39
      28
      26
      32
      41
      22
      32
      26
      32
      32
      25
      22
      24
      35
      33
      32
      33
      33
      28
      28
      33
      22
      34
      28
      29
      40
      28
      24
      26
      18
      26
      39
      29
      27
      22
      26
      31
      22
      25
      32
      22
      34
      29
      22
      34
      34
      33
      19
      25
      32
      33
      36
      25
      33
      26
      31
      44
      33
      41
      31
      32
      32
      24
      31
      32
      20
      31
      24
      27
      29
      35
      32
      37
      32
      25
      35
      29
      23
      23
      41
      27
      34
      34
      24
      21
      50
      29
      36
      37
      39
      27
      37
      22
      25
      30
      29
      29
      31
      31
      31
      31
      23
      32
      31
      34
      31
      34
      27
      34
      26
      34
      27
      34
      29
      39
      28
      27
      32
      23
      35
      43
      27
      27
      36
      30
      27
      30
      32
      29
      37
      24
      39
      29
      34
      28
      35
      30
      35
      31
      40
      37
      32
      27
      38
      34
      35
      30
      29
      32
      34
      35
      38
      27
      39
      26
      32
      28
      29
      24
      35
      27
      31
      28
      27
      27
      29
      20
      33
      29
      35
      31
      33
      32
      39
      34
      32
      27
      34
      27
      27
      32
      34
      31
      37
      32
      30
      37
      28
      23
      30
      24
      38
      35
      26
      24
      35
      31
      39
      38
      34
      28
      24
      23
      31
      43
      32
      29
      32
      35
      33
      33
      39
      25
      40
      33
      34
      31
      32
      32
      33
      29
      38
      29
      27
      25
      32
      35
      32
      29
      28
      33
      36
      35
      37
      27
      30
      26
      29
      36
      29
      36
      31
      23
      30
      32
      31
      29
      40
      27
      33
      29
      25
      25
      43
      26
      42
      28
      40
      28
      28
      33
      31
      31
      39
      35
      23
      33
      40
      24
      35
      33
      33
      35
      28
      29
      29
      31
      33
      23
      24
      34
      41
      30
      43
      33
      29
      44
      40
      30
      24
      36
      53
      27
      39
      29
      37
      28
      32
      34
      24
      39
      25
      22
      40
      32
      28
      25
      44
      31
      37
      32
      21
      28
      37
      26
      39
      33
      37
      32
      32
      32
      32
      27
      39
      29
      31
      34
      29
      29
      22
      22
      40
      31
      40
      29
      29
      25
      21
      32
      39
      27
      28
      31
      23
      37
      33
      19
      27
      31
      34
      34
      34
      21
      37
      37
      25
      42
      27
      30
      35
      53
      27
      32
      32
      29
      34
      32
      37
      25
      30
      36
      27
      36
      34
      28
      27
      27
      33
      32
      30
      31
      33
      37
      28
      31
      27
      27
      30
      28
      40
      31
      21
      25
      37
      40
      23
      27
      42
      26
      41
      26
      27
      33
      37
      32
      34
      29
      33
      37
      28
      30
      34
      37
      31
      26
      41
      33
      37
      23
      33
      37
      32
      31
      31
      24
      35
      32
      41
      31
      26
      23
      38
      24
      24
      33
      27
      38
      44
      22
      33
      29
      43
      39
      28
      33
      31
      38
      26
      26
      43
      33
      28
      39
      30
      28
      29
      27
      31
      30
      29
      24
      30
      30
      35
      33
      30
      39
      27
      27
      22
      28
      36
      29
      31
      36
      25
      26
      33
      32
      34
      37
      32
      32
      33
      32
      26
      36
      30
      34
      32
      24
      27
      27
      31
      36
      35
      43
      29
      31
      24
      44
      27
      35
      30
      30
      29
      26
      33
      25
      35
      25
      29
      32
      28
      27
      43
      31
      27
      26
      21
      29
      31
      27
      34
      24
      31
      33
      30
      37
      31
      23
      27
      34
      34
      42
      27
      25
      32
      24
      28
      39
      23
      33
      29
      34
      27
      31
      28
      29
      28
      32
      35
      34
      36
      35
      32
      30
      30
      33
      29
      25
      34
      39
      33
      20
      33
      29
      30
      31
      23
      36
      34
      31
      23
      24
      23
      25
      25
      27
      26
      36
      44
      36
      32
      26
      27
      25
      29
      34
      38
      34
      33
      25
      37
      31
      25
      39
      40
      31
      27
      28
      28
      36
      25
      34
      28
      32
      37
      33
      18
      25
      31
      30
      24
      31
      37
      21
      30
      23
      27
      28
      24
      23
      27
      23
      34
      45
      36
      28
      38
      28
      35
      34
      30
      35
      26
      29
      35
      29
      52
      27
      31
      29
      32
      33
      34
      26
      23
      32
      21
      26
      30
      37
      38
      24
      21
      40
      22
      30
      26
      34
      22
      21
      24
      32
      27
      24
      27
      26
      33
      33
      30
      36
      28
      21
      26
      20
      27
      29
      27
      37
      34
      29
      35
      30
      30
      26
      29
      26
      36
      24
      38
      20
      26
      20
      23
      33
      27
      30
      30
      21
      39
      32
      21
      27
      25
      31
      32
      25
      25
      36
      31
      21
      28
      27
      24
      22
      37
      26
      28
      36
      27
      36
      22
      33
      28
      26
      23
      35
      31
      17
      21
      27
      27
      25
      29
      26
      33
      34
      20
      32
      32
      28
      34
      16
      26
      37
      20
      30
      27
      26
      27
      24
      23
      28
      18
      31
      33
      30
      28
      23
      24
      29
      27
      25
      26
      31
      32
      26
      22
      18
      33
      21
      23
      26
      29
      23
      24
      17
      18
      17
      32
      28
      18
      25
      29
      24
      27
      27
      36
      29
      36
      18
      26
      19
      26
      21
      25
      25
      27
      34
      34
      16
      23
      19
      23
      23
      22
      23
      31
      22
      16
      31
      23
      29
      21
      20
      17
      23
      22
      30
      23
      28
      29
      23
      20
      27
      33
      26
      28
      20
      18
      25
      19
      23
      28
      24
      19
      29
      23
      25
      24
      28
      18
      27
      24
      23
      26
      23
      13
      25
      27
      21
      21
      33
      26
      27
      22
      14
      23
      28
      24
      21
      24
      31
      24
      19
      30
      22
      29
      15
      17
      25
      27
      31
      28
      18
      35
      23
      27
      22
      26
      23
      23
      25
      26
      23
      25
      28
      21
      16
      32
      32
      23
      22
      35
      29
      20
      28
      28
      32
      21
      31
      20
      23
      29
      20
      32
      24
      24
      15
      21
      34
      26
      16
      31
      25
      14
      20
      21
      19
      27
      24
      25
      22
      20
      12
      23
      21
      25
      30
      14
      24
      19
      22
      28
      24
      21
      17
      21
      26
      16
      12
      23
      15
      25
      29
      25
      33
      22
      25
      19
      26
      24
      16
      15
      24
      34
      30
      31
      17
      22
      17
      32
      29
      21
      30
      19
      16
      21
      24
      28
      18
      26
      25
      28
      19
      25
      22
      16
      27
      23
      24
      25
      24
      19
      28
      21
      26
      19
      30
      26
      22
      21
      29
      26
      29
      20
      20
      29
      31
      26
      26
      21
      23
      25
      27
      28
      28
      25
      19
      27
      29
      25
      27
      26
      21
      17
      26
      26
      17
      20
      28
      24
      25
      26
      27
      26
      14
      21
      14
      32
      27
      20
      17
      32
      26
      25
      21
      32
      20
      34
      25
      24
      17
      21
      21
      23
      25
      26
      21
      29
      14
      23
      26
      13
      21
      28
      23
      17
      28
      21
      20
      28
      26
      22
      21
      20
      16
      24
      26
      29
      16
      24
      16
      15
      23
      20
      22
      15
      26
      25
      25
      24
      22
      16
      30
      25
      18
      27
      19
      29
      16
      22
      13
      16
      25
      19
      26
      26
      24
      17
      23
      26
      23
      27
      17
      18
      21
      26
      27
      14
      21
      24
      25
      28
      25
      22
      24
      16
      23
      19
      19
      23
      30
      15
      21
      29
      33
      21
      16
      15
      25
      18
      14
      14
      17
      25
      22
      24
      28
      27
      17
      17
      19
      22
      23
      25
      25
      19
      33
      22
      17
      17
      20
      18
      18
      20
      23
      17
      15
      15
      24
      29
      30
      25
      21
      21
      21
      21
      17
      25
      21
      26
      29
      27
      17
      22
      18
      18
      23
      29
      26
      26
      18
      22
      21
      25
      18
      26
      24
      22
      25
      23
      27
      33
      24
      22
      34
      18
      25
      25
      18
      19
      23
      22
      20
      26
      24
      19
      23
      23
      30
      24
      26
      32
      22
      24
      34
      21
      26
      23
      31
      23
      22
      21
      22
      22
      23
      17
      22
      34
      20
      19
      24
      21
      21
      27
      26
      23
      25
      24
      19
      33
      25
      26
      17
      26
      25
      26
      25
      17
      23
      22
      16
      26
      27
      17
      30
      13
      24
      23
      21
      18
      24
      28
      25
      20
      21
      23
      21
      22
      18
      20
      18
      29
      28
      18
      25
      24
      34
      16
      22
      25
      28
      21
      20
      16
      26
      25
      20
      16
      24
      23
      26
      24
      25
      22
      24
      24
      32
      23
      26
      21
      15
      27
      20
      24
      24
      30
      26
      10
      25
      25
      28
      27
      24
      21
      23
      25
      24
      24
      22
      22
      28
      24
      19
      22
      19
      25
      20
      24
      19
      26
      35
      30
      22
      24
      25
      17
      20
      27
      29
      35
      36
      26
      21
      23
      22
      33
      22
      19
      28
      16
      29
      18
      27
      31
      19
      22
      20
      33
      25
      21
      22
      23
      33
      19
      21
      26
      26
      24
      20
      28
      18
      31
      33
      24
      18
      25
      20
      22
      13
      19
      17
      25
      25
      17
      31
      28
      22
      25
      23
      27
      23
      35
      28
      27
      29
      25
      25
      24
      36
      24
      37
      35
      22
      24
      28
      27
      23
      22
      22
      23
      29
      19
      23
      26
      26
      24
      24
      14
      30
      23
      22
      22
      29
      17
      27
      29
      37
      32
      22
      24
      27
      25
      25
      24
      24
      26
      25
      35
      36
      29
      32
      32
      21
      25
      30
      23
      30
      29
      25
      25
      25
      28
      27
      31
      31
      25
      33
      18
      31
      46
      29
      35
      30
      26
      20
      36
      22
      26
      32
      25
      21
      28
      36
      27
      35
      29
      33
      25
      21
      33
      32
      43
      41
      30
      41
      34
      25
      43
      45
      29
      27
      27
      44
      42
      26
      45
      42
      32
      27
      27
      33
      33
      21
      33
      38
      35
      31
      30
      44
      38
      33
      30
      35
      43
      30
      38
      42
      43
      33
      41
      33
      42
      42
      27
      36
      38
      36
      44
      42
      43
      45
      52
      39
      53
      49
      38
      48
      40
      44
      44
      37
      45
      45
      50
      51
      59
      44
      30
      46
      67
      62
      58
      44
      59
      46
      56
      57
      43
      61
      56
      37
      60
      56
      57
      59
      61
      52
      64
      56
      57
      47
      58
      53
      50
      60
      63
      52
      63
      55
      67
      61
      56
      53
      50
      56
      57
      62
      65
      73
      67
      51
      62
      72
      69
      58
      72
      50
      63
      77
      62
      61
      58
      68
      55
      61
      72
      62
      67
      67
      73
      69
      68
      77
      67
      47
      61
      71
      82
      73
      67
      65
      82
      76
      79
      71
      83
      68
      73
      72
      72
      72
      69
      73
      68
      69
      74
      74
      69
      80
      98
      53
      93
      81
      62
      59
      69
      84
      74
      84
      83
      85
      76
      72
      75
      77
      70
      61
      83
      76
      74
      72
      74
      63
      76
      61
      73
      70
      74
      62
      76
      62
      75
      74
      70
      65
      65
      68
      72
      64
      57
      75
      83
      53
      72
      78
      73
      53
      79
      74
      57
      75
      84
      62
      53
      77
      65
      74
      71
      51
      59
      57
      49
      53
      58
      65
      67
      60
      66
      61
      69
      52
      47
      69
      61
      67
      66
      58
      68
      60
      59
      52
      56
      52
      36
      44
      61
      51
      45
      39
      50
      46
      50
      50
      55
      59
      47
      35
      40
      47
      39
      51
      45
      38
      44
      40
      39
      40
      36
      44
      50
      30
      41
      38
      35
      38
      27
      37
      26
      31
      25
      23
      26
      43
      33
      45
      20
      36
      28
      28
      27
      24
      37
      30
      21
      30
      27
      31
      32
      21
      20
      20
      22
      22
      23
      24
      22
      20
      37
      20
      21
      23
      21
      21
      22
      21
      15
      22
      23
      18
      23
      20
      14
      17
      14
      17
      18
      10
      10
      12
      20
      21
      19
       9
      12
      14
      11
      10
      14
      12
       5
      12
      10
      17
      11
      16
      15
      18
      11
      10
       8
      12
      10
       8
      12
      14
       7
      16
      15
       4
       8
      11
      11
       4
      13
       8
       9
       8
       3
       6
      16
       8
       4
       5
       4
       9
       4
       8
       5
       9
       4
       6
      10
       6
       7
       5
       5
       8
       4
       8
       3
       4
       5
       3
       3
       5
       4
       4
       6
       5
       3
       3
       4
       6
       2
       5
       6
       1
       5
       4
       4
       1
       6
       3
       4
       5
       6
       3
       5
       4
       1
       6
       3
       4
       2
       3
       3
       7
       2
       5
       3
       2
       5
       2
       6
       4
       3
       3
       2
       6
       2
       3
       5
       1
       3
       0
       6
       5
       2
       2
       4
       1
       1
       2
       3
       4
       2
       1
       4
       1
       6
       1
       1
       4
       1
       1
       4
       4
       3
       1
       2
       1
       3
       2
       1
       0
       4
       1
       0
       4
       1
       3
       1
       1
       1
       1
       3
       2
       4
       4
       3
       1
       5
       3
       2
       1
       2
       0
       2
       3
       3
       2
       0
       4
       3
       1
       2
       3
       1
       3
       5
       3
       4
       1
       0
       3
       1
       5
       1
       1
       2
       0
       1
       3
       3
       1
       2
       0
       2
       2
       3
       4
       6
       3
       2
       4
       5
       4
       5
       2
       2
       4
       4
       2
       4
       3
       5
       1
       3
       3
       1
       4
       2
       2
       5
       0
       1
       2
       0
       0
       1
       3
       2
       2
       1
       4
       1
       2
       6
       4
       2
       1
       2
       6
       4
       2
       3
       1
       4
       2
       2
       1
       5
       1
       3
       3
       3
       2
       1
       1
       3
       0
       3
       3
       5
       4
       2
       2
       1
       3
       2
       3
       1
       0
       0
       1
       2
       3
       2
       0
       2
       3
       3
       0
       3
       2
       0
       0
       2
       2
       4
       0
       1
       3
       3
       2
       3
       1
       3
       0
       1
       3
       1
       3
       1
       0
       1
       1
       3
       5
       0
       1
       6
       2
       0
       4
       3
       3
       0
       1
       1
       2
       1
       1
       5
       4
       2
       2
       4
       2
       3
       1
       4
       4
       3
       3
       0
       1
       2
       2
       1
       1
       5
       6
       1
       2
       2
       4
       3
       3
       2
       3
       1
       2
       2
       3
       3
       0
       0
       2
       1
       3
       0
       0
       1
       4
       3
       3
       0
       4
       3
       5
       3
       4
       2
       2
       3
       1
       0
       2
       4
       2
       6
       2
       3
       2
       2
       0
       3
       3
       5
       2
       0
       1
       1
       2
       3
       5
       1
       6
       2
       2
       1
       5
       2
       2
       1
       3
       2
       2
       5
       0
       3
       2
       2
       2
       4
       0
       2
       3
       2
       3
       2
       0
       4
       2
       2
       1
       1
       6
       1
       2
       2
       1
       3
       1
       1
       1
       1
       7
       4
       2
       3
       0
       3
       4
       3
       3
       4
       0
       2
       1
       3
       1
       1
       4
       3
       3
       4
       2
       1
       3
       3
       2
       2
       2
       6
       4
       3
       2
       0
       3
       3
       5
       1
       1
       2
       1
       0
       4
       8
       3
       1
       3
       3
       2
       1
       0
       1
       3
       0
       1
       1
       4
       3
       1
       2
       1
       1
       1
       1
       1
       4
       1
       0
       3
       3
       4
       4
       0
       3
       2
       2
       4
       2
       3
       0
       3
       2
       2
       4
       2
       1
       5
       1
       1
       4
       2
       3
       1
       2
       0
       5
       2
       0
       0
       4
       4
       3
       3
       2
       0
       2
       2
       6
       4
       1
       0
       2
       3
       2
       4
       4
       1
       4
       1
       1
       1
       0
       3
       1
       2
       3
       1
       5
       3
       4
       1
       3
       1
       4
       1
       1
       4
       3
       1
       5
       4
       3
       3
       1
       4
       2
       0
       2
       2
       1
       4
       2
       0
       0
       4
       3
       1
       2
       5
       1
       2
       2
       1
       0
       0
       2
       4
       2
       3
       4
       1
       2
       1
       3
       3
       1
       3
       2
       0
       2
       2
       1
       2
       2
       0
       3
       1
       2
       4
       2
       3
       2
       2
       1
       0
       5
       3
       3
       2
       0
       3
       3
       1
       5
       4
       1
       1
       2
       2
       3
       1
       2
       1
       5
       5
       3
       3
       0
       2
       4
       2
       2
       2
       0
       0
       3
       2
       2
       2
       1
       3
       2
       1
       1
       0
       0
       0
       0
       0
       0
       0
       0
       0
       0
       0
       0
       0
       0
       0
       0
       0
       0
       0
       0
       0
       0
       0
       0
       0
       0
       0
       0
       0
       0
       0
       0
       0
       0
       0
       0
       0
       0
       0
       0
       0
       0
       0
       0
       0
       0
       0
       0
       0
       0
       0
       0
       0
       0
       0
       0
       0
       0
       0
       0
       0
       0
       0
       0
       0
       0
       0
       0
       0
       0
       0
       0
       0
       0
       0
       0
       0
       0
       0
       0
       0
       0
       0
       0
       0
       0
       0
       0
       0
       0
       0
       0
       0
       0
       0
       0
       0
       0
       0
       0
       0
       0
       0
       0
       0
       0
       0
       0
       0
       0
       0
       0
       0
       0
       0
       0
       0
       0
       0
       0
       0
       0
       0
       0
       0
       0
       0
       0
       0
       0
       0
       0
       0
       0
       0
       0
       0
       0
       0
       0
       0
       0
       0
       0
       0
       0
       0
       0
       0
       0
       0
       0
       0
       0
       0
       0
       0
       0
       0
       0
       0
       0
       0
       0
       0
       0
       0
       0
       0
       0
       0
       0
       0
       0
       0
       0
       0
       0
       0
       0
       0
       0
       0
       0
$ROI:
3
384 392
2238 2250
3023 3039
$PRESETS:
Live Time
3600
0
$ENER_FIT:
-12.173284 0.222096
$MCA_CAL:
3
-1.217328E+001 2.220961E-001 0.000000E+000 
$SHAPE_CAL:
3
9.772812E-001 5.853169E-005 0.000000E+000
