$SPEC_ID:
Bottom NaI(Ti)
$SPEC_REM:
DET# 1
DETDESC# ISC-PHYSICS3 Easy-MCA-8k SN 11255024
AP# Maestro Version 6.08
$DATE_MEA:
10/21/2022 22:56:00
$MEAS_TIM:
599 600
$DATA:
0 4095
       0
       0
       0
       0
       6
    2252
   17926
   12343
    2460
     251
      63
     366
     160
     103
     104
      85
      72
      57
      71
      46
      54
      30
      24
      24
      19
      22
      22
      23
      25
      19
      20
      19
      28
      21
      28
      18
      15
      20
      21
      33
      27
      15
      14
      14
      21
      20
      13
      19
      20
      26
      24
      20
      22
      17
      13
      21
      25
      12
      18
      16
      18
      10
      17
      18
      28
      15
      21
      21
      13
      13
      16
      18
      13
      10
      24
      21
      22
      15
      20
      15
      15
       9
      17
      13
      20
      24
      26
      22
      19
      17
      17
      22
      11
      20
      19
      18
      16
      20
      17
      16
      16
      17
      15
      14
      14
      18
      16
      22
      23
      18
      17
      21
      26
      21
       9
      19
      14
      18
      17
      16
      20
      16
      15
      28
      17
      18
      25
      16
      25
      20
      19
      29
      15
      23
      17
      21
      18
      21
      23
      26
      34
      19
      19
      13
      21
      19
      15
      29
      28
      23
      29
      22
      15
      29
      14
      29
      24
      27
      21
      25
      31
      34
      31
      40
      37
      31
      41
      39
      48
      28
      45
      41
      31
      38
      28
      37
      34
      38
      24
      29
      43
      39
      39
      38
      26
      43
      35
      28
      29
      30
      28
      26
      25
      30
      34
      37
      25
      26
      31
      30
      27
      27
      36
      22
      21
      38
      31
      20
      24
      31
      22
      36
      23
      26
      27
      22
      33
      13
      30
      37
      27
      35
      30
      22
      33
      29
      24
      33
      39
      33
      35
      20
      32
      38
      38
      26
      28
      29
      30
      31
      45
      29
      38
      40
      36
      43
      26
      26
      24
      32
      21
      25
      20
      30
      27
      33
      28
      27
      25
      25
      24
      18
      16
      29
      38
      28
      19
      30
      21
      19
      29
      25
      26
      24
      21
      30
      24
      28
      32
      26
      35
      22
      27
      36
      23
      29
      22
      17
      33
      25
      23
      17
      26
      28
      25
      33
      33
      28
      37
      28
      24
      28
      30
      28
      33
      28
      26
      23
      37
      30
      35
      29
      31
      31
      31
      30
      37
      34
      31
      18
      16
      32
      26
      25
      26
      25
      36
      33
      29
      33
      36
      36
      27
      32
      29
      28
      35
      21
      31
      33
      32
      33
      35
      41
      34
      37
      31
      38
      32
      25
      40
      39
      37
      51
      42
      48
      49
      48
      48
      52
      41
      55
      59
      53
      47
      64
      64
      60
      79
      84
      74
      67
      67
      79
      71
      74
      77
      70
      95
      74
      93
      91
      88
      78
      90
     100
     100
     107
      99
     101
     104
     103
     102
      97
     113
     120
      88
      97
      93
     108
     110
      86
     102
     100
     100
      85
      90
      83
      87
      99
      89
      75
      70
     107
      87
      56
      69
      58
      71
      62
      75
      82
      78
      51
      50
      52
      59
      54
      58
      67
      62
      48
      54
      49
      45
      59
      48
      64
      65
      74
      60
      57
      72
      55
      76
      59
      67
      44
      59
      70
      47
      48
      55
      68
      64
      50
      59
      58
      63
      37
      45
      49
      61
      50
      62
      35
      38
      52
      49
      45
      51
      38
      44
      49
      45
      46
      41
      39
      45
      52
      56
      37
      41
      48
      38
      43
      32
      28
      48
      43
      44
      42
      34
      42
      35
      35
      36
      55
      28
      32
      44
      43
      33
      39
      31
      33
      32
      27
      22
      38
      23
      36
      41
      45
      31
      36
      41
      36
      36
      25
      25
      35
      44
      33
      32
      39
      43
      41
      35
      36
      42
      43
      43
      37
      33
      30
      38
      33
      30
      48
      45
      36
      48
      39
      40
      28
      38
      33
      34
      37
      40
      38
      30
      42
      38
      34
      51
      36
      29
      43
      47
      36
      43
      41
      34
      34
      45
      44
      50
      49
      36
      38
      39
      26
      38
      47
      30
      33
      38
      45
      39
      38
      40
      22
      47
      54
      38
      40
      39
      40
      46
      47
      48
      44
      40
      49
      34
      36
      37
      48
      47
      45
      48
      34
      48
      45
      44
      48
      43
      50
      41
      46
      43
      43
      32
      42
      41
      41
      42
      39
      43
      52
      48
      48
      34
      43
      32
      44
      50
      36
      28
      45
      46
      43
      51
      40
      33
      54
      37
      29
      43
      38
      38
      38
      40
      37
      42
      38
      44
      37
      41
      37
      29
      47
      50
      39
      33
      35
      45
      37
      35
      35
      46
      46
      49
      46
      50
      38
      37
      46
      39
      39
      34
      46
      44
      44
      34
      38
      43
      34
      39
      46
      44
      43
      43
      41
      58
      39
      41
      45
      46
      44
      45
      44
      55
      44
      45
      52
      34
      60
      45
      37
      41
      47
      33
      37
      41
      45
      37
      47
      54
      43
      46
      47
      43
      35
      51
      39
      47
      35
      46
      44
      50
      43
      32
      56
      39
      50
      35
      51
      40
      44
      37
      38
      37
      41
      36
      44
      43
      38
      50
      45
      42
      42
      39
      35
      41
      29
      49
      42
      48
      42
      40
      36
      45
      48
      38
      44
      45
      34
      37
      49
      42
      57
      45
      38
      50
      32
      47
      48
      50
      37
      25
      49
      29
      43
      50
      49
      37
      45
      40
      38
      46
      47
      31
      54
      48
      40
      49
      42
      40
      45
      36
      42
      52
      44
      45
      36
      49
      49
      48
      46
      46
      37
      51
      50
      51
      34
      45
      47
      41
      53
      45
      50
      58
      44
      44
      39
      34
      51
      63
      42
      47
      53
      67
      47
      43
      37
      41
      44
      36
      44
      41
      52
      56
      48
      36
      43
      50
      41
      47
      43
      54
      48
      40
      41
      38
      53
      48
      51
      37
      55
      30
      55
      50
      36
      63
      52
      39
      67
      42
      50
      50
      49
      49
      38
      52
      48
      59
      56
      57
      43
      49
      47
      40
      52
      50
      57
      45
      46
      50
      52
      51
      45
      40
      57
      55
      54
      45
      52
      53
      53
      55
      44
      48
      44
      56
      51
      56
      33
      52
      47
      43
      45
      41
      56
      59
      62
      53
      48
      51
      51
      47
      64
      57
      55
      50
      44
      47
      51
      46
      61
      47
      50
      49
      50
      48
      57
      53
      50
      47
      49
      55
      52
      44
      57
      53
      59
      57
      48
      43
      42
      42
      64
      47
      41
      47
      33
      51
      45
      47
      46
      51
      40
      38
      55
      38
      34
      45
      42
      43
      49
      54
      43
      45
      60
      50
      56
      42
      53
      53
      40
      48
      40
      52
      47
      43
      60
      43
      39
      48
      48
      40
      41
      52
      41
      53
      46
      48
      36
      43
      37
      49
      44
      31
      51
      45
      38
      39
      40
      48
      56
      58
      43
      37
      66
      46
      49
      45
      57
      34
      48
      48
      42
      42
      32
      45
      41
      35
      35
      36
      35
      34
      50
      43
      41
      56
      46
      41
      54
      58
      41
      53
      39
      45
      54
      48
      45
      47
      40
      32
      38
      43
      51
      42
      37
      44
      46
      58
      39
      42
      46
      47
      41
      36
      36
      37
      33
      42
      37
      34
      35
      37
      42
      47
      38
      41
      49
      40
      38
      37
      41
      47
      43
      36
      41
      37
      43
      47
      45
      27
      45
      48
      38
      43
      33
      37
      50
      39
      38
      48
      44
      32
      47
      37
      37
      39
      35
      43
      43
      44
      44
      36
      41
      40
      40
      30
      40
      45
      37
      32
      34
      40
      33
      36
      40
      38
      48
      36
      44
      44
      35
      40
      47
      49
      33
      39
      49
      40
      41
      33
      32
      47
      57
      46
      36
      37
      25
      45
      46
      36
      40
      57
      39
      35
      35
      37
      38
      35
      37
      36
      46
      24
      42
      38
      40
      48
      42
      40
      46
      37
      32
      41
      42
      30
      36
      38
      31
      33
      34
      30
      53
      33
      49
      36
      38
      55
      43
      45
      32
      44
      48
      39
      29
      47
      36
      48
      36
      49
      44
      47
      46
      38
      37
      42
      45
      43
      36
      29
      41
      38
      35
      36
      36
      39
      37
      40
      36
      46
      53
      38
      40
      46
      33
      41
      51
      36
      49
      41
      31
      41
      32
      34
      38
      46
      42
      37
      44
      35
      39
      43
      40
      52
      40
      38
      39
      47
      38
      37
      46
      43
      46
      47
      41
      44
      59
      40
      31
      39
      38
      36
      54
      48
      45
      43
      44
      35
      31
      45
      32
      39
      47
      38
      40
      42
      34
      45
      40
      36
      41
      57
      35
      51
      39
      41
      42
      38
      55
      46
      50
      51
      37
      50
      38
      42
      34
      36
      44
      44
      36
      34
      43
      39
      43
      46
      46
      46
      45
      37
      30
      36
      37
      33
      49
      39
      30
      49
      44
      38
      45
      33
      35
      41
      43
      43
      36
      47
      42
      42
      33
      51
      41
      42
      50
      53
      52
      32
      37
      42
      49
      36
      50
      61
      46
      43
      47
      40
      54
      38
      29
      44
      45
      43
      46
      52
      47
      44
      46
      41
      44
      52
      45
      56
      50
      53
      56
      46
      47
      33
      49
      46
      48
      43
      41
      35
      49
      33
      35
      53
      43
      49
      40
      46
      42
      38
      38
      44
      28
      51
      48
      54
      44
      41
      45
      29
      37
      38
      52
      42
      47
      49
      37
      40
      47
      36
      35
      43
      39
      39
      35
      42
      42
      39
      37
      40
      46
      36
      42
      43
      54
      34
      36
      48
      38
      38
      51
      38
      31
      36
      46
      31
      44
      39
      44
      45
      52
      44
      39
      47
      36
      50
      37
      46
      36
      52
      40
      45
      35
      29
      43
      40
      31
      34
      45
      36
      37
      50
      43
      44
      40
      28
      43
      29
      40
      43
      35
      46
      38
      38
      36
      39
      33
      46
      26
      45
      38
      33
      37
      43
      41
      35
      34
      34
      31
      32
      24
      45
      57
      38
      35
      34
      42
      29
      42
      37
      37
      34
      43
      40
      31
      36
      36
      32
      37
      31
      37
      41
      32
      28
      19
      34
      38
      28
      29
      37
      39
      35
      32
      34
      26
      34
      31
      23
      28
      24
      34
      34
      33
      38
      45
      27
      39
      33
      33
      28
      34
      36
      30
      36
      33
      36
      29
      32
      28
      29
      26
      25
      29
      23
      26
      35
      27
      19
      36
      19
      29
      25
      32
      24
      34
      30
      31
      35
      26
      25
      30
      32
      26
      35
      26
      34
      24
      26
      22
      30
      28
      29
      30
      29
      27
      31
      36
      28
      23
      28
      32
      26
      32
      28
      27
      36
      31
      31
      19
      32
      26
      27
      31
      22
      29
      28
      25
      35
      27
      32
      20
      23
      26
      31
      29
      35
      26
      37
      29
      22
      23
      23
      17
      36
      31
      30
      32
      27
      25
      30
      28
      25
      25
      26
      27
      23
      32
      35
      26
      34
      22
      17
      20
      16
      35
      25
      36
      28
      24
      23
      33
      27
      29
      32
      24
      27
      28
      28
      24
      28
      27
      31
      24
      27
      25
      36
      30
      17
      33
      33
      22
      29
      27
      25
      27
      30
      24
      26
      26
      14
      28
      16
      28
      25
      19
      25
      22
      25
      25
      35
      22
      35
      23
      27
      36
      32
      26
      18
      22
      24
      30
      36
      30
      23
      24
      25
      18
      31
      24
      30
      22
      20
      26
      21
      29
      22
      31
      29
      25
      40
      21
      26
      29
      21
      28
      22
      27
      30
      25
      19
      27
      39
      23
      33
      22
      25
      31
      23
      30
      14
      29
      24
      34
      24
      25
      34
      32
      30
      29
      24
      24
      35
      23
      33
      28
      30
      27
      16
      37
      27
      28
      32
      23
      31
      21
      29
      18
      22
      36
      26
      22
      26
      28
      18
      22
      28
      34
      19
      27
      26
      34
      29
      23
      29
      19
      29
      28
      27
      26
      22
      27
      31
      24
      24
      23
      24
      22
      19
      24
      42
      28
      32
      27
      23
      29
      24
      17
      26
      25
      18
      32
      24
      26
      14
      20
      35
      35
      23
      22
      36
      31
      27
      24
      21
      28
      24
      34
      24
      19
      26
      25
      29
      23
      26
      23
      31
      31
      27
      21
      21
      28
      28
      30
      24
      26
      27
      28
      25
      15
      29
      31
      19
      29
      18
      29
      24
      34
      23
      25
      18
      25
      24
      28
      26
      25
      27
      34
      23
      25
      25
      22
      16
      22
      30
      26
      30
      25
      25
      23
      28
      30
      30
      34
      29
      33
      29
      31
      21
      31
      24
      20
      25
      28
      23
      18
      26
      27
      32
      32
      32
      15
      28
      26
      30
      32
      34
      28
      28
      23
      29
      38
      31
      32
      38
      40
      31
      33
      19
      33
      22
      23
      22
      28
      24
      27
      40
      18
      27
      37
      27
      27
      28
      15
      25
      29
      29
      30
      34
      27
      37
      22
      26
      32
      41
      35
      43
      36
      24
      25
      24
      30
      28
      30
      33
      25
      27
      25
      47
      30
      30
      32
      29
      30
      23
      28
      29
      26
      29
      29
      31
      29
      31
      35
      27
      35
      35
      30
      30
      29
      32
      34
      29
      25
      34
      34
      32
      34
      34
      30
      29
      33
      39
      35
      38
      30
      25
      25
      19
      26
      33
      32
      36
      34
      37
      34
      30
      32
      26
      29
      26
      38
      32
      38
      26
      28
      34
      41
      38
      46
      41
      39
      39
      28
      34
      42
      37
      37
      41
      26
      26
      42
      33
      23
      30
      48
      37
      35
      33
      40
      33
      27
      43
      42
      34
      32
      31
      37
      48
      44
      31
      37
      40
      43
      25
      37
      40
      38
      31
      34
      40
      28
      49
      32
      39
      37
      48
      45
      43
      38
      36
      32
      30
      36
      43
      42
      39
      43
      48
      47
      44
      46
      49
      32
      44
      39
      51
      44
      47
      45
      34
      37
      47
      39
      39
      39
      50
      33
      43
      31
      38
      43
      45
      44
      39
      48
      49
      47
      45
      38
      42
      45
      49
      42
      34
      45
      40
      49
      51
      37
      39
      49
      46
      36
      41
      45
      52
      48
      38
      42
      41
      45
      43
      49
      50
      40
      48
      41
      44
      41
      40
      57
      42
      47
      57
      58
      53
      43
      43
      45
      49
      48
      52
      34
      45
      44
      41
      52
      36
      43
      35
      41
      46
      51
      48
      52
      42
      38
      52
      57
      42
      41
      62
      62
      38
      46
      44
      61
      49
      45
      57
      51
      56
      47
      41
      46
      49
      50
      59
      50
      42
      48
      43
      56
      37
      52
      39
      49
      58
      54
      43
      56
      44
      45
      48
      42
      36
      46
      43
      41
      60
      46
      47
      48
      38
      45
      60
      48
      47
      44
      46
      51
      47
      45
      52
      56
      47
      38
      50
      60
      54
      45
      56
      45
      39
      52
      46
      41
      37
      52
      46
      55
      43
      62
      57
      46
      48
      50
      55
      45
      52
      47
      52
      53
      51
      55
      44
      44
      45
      44
      48
      57
      56
      41
      53
      44
      48
      45
      44
      42
      67
      57
      44
      37
      48
      47
      44
      62
      44
      55
      52
      31
      61
      55
      52
      35
      49
      50
      60
      45
      38
      41
      35
      46
      57
      58
      44
      40
      43
      49
      45
      38
      42
      49
      39
      43
      61
      51
      34
      54
      44
      57
      40
      38
      46
      49
      47
      33
      45
      53
      45
      44
      46
      45
      34
      35
      42
      42
      41
      49
      55
      43
      44
      36
      47
      36
      51
      45
      37
      44
      45
      38
      35
      47
      60
      40
      43
      40
      53
      48
      50
      27
      42
      48
      39
      40
      46
      51
      49
      45
      36
      41
      44
      61
      39
      34
      53
      44
      39
      43
      32
      38
      36
      35
      41
      38
      42
      39
      35
      42
      42
      32
      42
      45
      47
      46
      36
      33
      47
      46
      41
      41
      42
      36
      33
      38
      37
      43
      45
      43
      36
      46
      41
      50
      41
      39
      43
      36
      43
      27
      46
      35
      45
      26
      45
      33
      26
      30
      32
      41
      51
      44
      35
      41
      34
      37
      33
      38
      41
      35
      43
      29
      37
      28
      40
      42
      35
      28
      48
      47
      47
      30
      24
      37
      27
      22
      35
      32
      30
      52
      45
      36
      29
      37
      39
      35
      45
      27
      30
      26
      37
      35
      30
      29
      32
      27
      31
      29
      35
      30
      30
      36
      36
      35
      26
      21
      26
      32
      34
      26
      21
      23
      28
      28
      33
      26
      29
      21
      30
      35
      29
      37
      25
      28
      34
      30
      23
      27
      23
      31
      20
      17
      23
      22
      23
      31
      33
      32
      29
      16
      29
      27
      25
      25
      24
      18
      32
      24
      20
      25
      20
      24
      23
      28
      16
      18
      25
      27
      22
      31
      25
      32
      25
      24
      12
      25
      24
      21
      28
      26
      21
      28
      23
      18
      25
      23
      18
      19
      18
      18
      28
      23
      16
      25
      27
      21
      29
      23
      18
      13
      17
      20
      20
      25
      22
      36
      16
      25
      23
      15
      19
      24
      28
      23
      23
      21
      23
      14
      21
      24
      13
      27
      20
      17
      23
      12
      24
      17
      22
      19
      16
      16
      16
      22
      23
      17
      17
      14
      19
      25
      22
      18
      26
      27
      14
      17
      14
      13
      23
      20
      18
      22
      20
      16
      23
      22
      19
      21
      10
      16
      20
      16
      20
      18
      15
      18
      14
      14
      11
      21
      20
      13
      17
      19
      18
      15
      14
      11
      13
      18
      11
      19
      13
      18
      14
      18
       6
      18
      19
      17
      21
      27
      22
      16
      27
      21
      25
      17
      10
      23
      21
      19
      10
      21
      17
      18
      16
      12
      10
       8
      22
      19
      21
      11
      16
      11
      15
      10
      19
      16
      13
      17
      10
      13
      15
      16
      13
      16
      13
      16
      14
      15
      12
      15
      16
      24
      20
      21
      21
      13
      23
      11
      14
      17
      23
      11
      21
      21
      14
      21
       9
      17
      15
      12
      24
      23
      26
      11
      10
      15
      17
      12
      10
      19
      23
      13
      11
      23
      15
      22
      19
      11
      23
      25
      19
      17
       8
      21
      13
      14
      15
      14
      12
      12
      10
      13
      18
      14
      19
      17
      12
      20
      15
       6
      18
      18
      11
      20
      17
      17
      12
      18
      20
      18
      21
      19
      25
      24
      15
      27
      12
      10
      22
      23
      12
       9
      20
      14
      11
      18
      18
      17
      22
      20
      19
      25
      20
      19
      11
      15
      13
      19
      13
      18
      18
      15
      18
      15
      11
      15
      15
      11
      15
      20
       9
      17
      20
      17
      19
      15
      21
      20
      20
      13
      11
      13
      18
      20
      18
      21
      14
      28
      13
      21
      20
      23
      25
      14
      18
      23
      20
      14
      22
      16
      12
      35
      13
      15
      16
      20
      19
      18
      16
      17
      18
      18
      17
      20
      19
      16
      19
      16
      14
      21
      22
      18
      12
      11
      17
      16
      23
      20
      15
      17
      26
      19
      14
      21
      18
      15
      18
      24
      16
      12
      23
      22
      21
      22
      22
      15
      18
      17
      23
      19
      25
      13
      23
      25
      14
      16
      24
      21
      22
      15
      25
      24
      12
      21
      23
      19
      15
      15
      27
      19
      19
      22
      24
      18
      19
      29
      25
      16
      15
      25
      19
      25
      28
      14
      30
      22
      22
      29
      19
      24
      16
      24
      25
      28
      21
      26
      24
      26
      30
      27
      25
      27
      30
      23
      28
      36
      25
      27
      23
      25
      17
      23
      30
      33
      30
      25
      27
      24
      30
      22
      35
      34
      25
      35
      41
      32
      28
      38
      39
      25
      38
      26
      29
      31
      35
      29
      33
      37
      23
      31
      36
      29
      45
      37
      36
      28
      23
      41
      38
      23
      48
      32
      37
      36
      37
      35
      47
      30
      39
      36
      35
      30
      36
      43
      39
      50
      43
      44
      37
      45
      48
      32
      51
      32
      50
      35
      33
      44
      46
      35
      49
      35
      49
      46
      65
      58
      34
      50
      44
      34
      42
      41
      45
      45
      50
      43
      41
      35
      57
      40
      64
      49
      42
      45
      44
      38
      49
      40
      38
      51
      43
      47
      49
      50
      38
      45
      51
      52
      51
      41
      39
      54
      44
      39
      53
      44
      41
      43
      45
      46
      50
      50
      56
      40
      38
      46
      56
      51
      42
      52
      51
      60
      45
      43
      51
      45
      65
      39
      63
      47
      42
      47
      56
      67
      47
      44
      52
      47
      39
      43
      49
      48
      49
      54
      36
      44
      50
      48
      53
      47
      45
      56
      38
      53
      42
      36
      50
      55
      50
      43
      44
      58
      46
      23
      46
      56
      39
      48
      36
      48
      39
      37
      41
      37
      45
      36
      36
      39
      43
      33
      37
      46
      39
      47
      38
      28
      45
      35
      47
      36
      32
      31
      20
      42
      37
      42
      32
      47
      34
      33
      38
      32
      32
      33
      30
      37
      33
      19
      28
      33
      29
      26
      39
      41
      23
      29
      37
      20
      22
      38
      24
      26
      29
      25
      30
      39
      21
      26
      27
      22
      15
      27
      21
      25
      31
      20
      18
      20
      26
      14
      10
      15
      17
      16
      30
      16
      22
      15
      18
      14
      21
      10
      17
      25
      19
      11
      18
      19
      13
      12
      17
      11
      14
      19
      13
      14
      15
      15
      18
      14
      18
      10
      12
      19
      13
       7
      12
      17
      15
      16
      18
      14
      10
      12
      14
       5
      11
       5
      10
      11
      12
       6
       6
       9
      10
      13
      13
       7
      11
       5
       6
       6
       9
       6
       7
      10
       8
       5
       7
       8
       9
       6
       9
       4
       7
       7
       9
       8
       2
       8
       7
       1
       7
       7
       4
       8
       5
       4
       7
       2
       5
       3
       4
       6
       6
       1
       3
       6
       7
       2
       3
       7
       3
       3
       2
       5
       4
       3
       6
       4
       5
       2
       5
       4
       5
       5
       4
       9
       2
       4
       5
       4
       3
       7
       5
       4
       2
       1
       5
       4
       1
       3
       3
       5
       3
       0
       5
       1
       1
       6
       1
       2
       2
       1
       3
       2
       2
       4
       7
       5
       3
       8
       2
       1
       1
       3
       4
       1
       4
       3
       0
       3
       5
       2
       4
       2
       3
       4
       0
       5
       5
       0
       4
       3
       2
       3
       0
       4
       4
       1
       3
       4
       3
       2
       2
       2
       4
       1
       5
       2
       1
       4
       2
       3
       6
       0
       4
       2
       2
       4
       3
       3
       3
       1
       1
       2
       3
       4
       0
       1
       3
       5
       0
       1
       4
       1
       0
       4
       2
       4
       1
       4
       1
       3
       2
       2
       1
       2
       2
       1
       2
       4
       2
       2
       5
       6
       2
       2
       1
       0
       2
       5
       3
       1
       3
       4
       6
       3
       5
       1
       2
       3
       1
       1
       2
       1
       5
       3
       2
       4
       0
       0
       3
       0
       0
       2
       2
       8
       1
       2
       0
       2
       5
       2
       2
       1
       2
       4
       3
       3
       4
       5
       2
       2
       0
       6
       1
       0
       2
       4
       3
       1
       2
       3
       1
       4
       1
       3
       2
       1
       2
       1
       1
       1
       1
       3
       2
       0
       2
       3
       1
       0
       1
       4
       1
       2
       1
       1
       2
       4
       3
       3
       2
       0
       3
       1
       1
       2
       1
       0
       1
       2
       8
       1
       5
       5
       2
       1
       0
       1
       3
       2
       2
       3
       5
       4
       4
       2
       2
       3
       1
       3
       1
       1
       0
       2
       0
       3
       3
       1
       1
       1
       7
       3
       1
       2
       3
       2
       1
       3
       2
       1
       8
       0
       2
       2
       2
       2
       1
       3
       3
       2
       2
       4
       6
       2
       2
       4
       0
       3
       2
       1
       3
       4
       2
       1
       4
       4
       1
       2
       1
       1
       1
       2
       1
       3
       0
       3
       3
       5
       4
       0
       3
       2
       1
       0
       3
       2
       3
       0
       1
       3
       3
       0
       1
       1
       1
       1
       2
       3
       0
       2
       4
       2
       2
       2
       2
       2
       0
       1
       2
       1
       0
       2
       2
       6
       1
       4
       1
       2
       4
       2
       6
       3
       2
       4
       1
       2
       2
       4
       3
       2
       0
       5
       5
       2
       2
       1
       0
       4
       1
       1
       6
       1
       0
       5
       4
       3
       2
       2
       1
       2
       4
       4
       2
       3
       0
       4
       1
       1
       2
       3
       5
       0
       2
       1
       2
       1
       3
       4
       2
       0
       1
       3
       3
       5
       1
       1
       3
       2
       2
       1
       2
       2
       6
       3
       2
       1
       0
       3
       2
       1
       1
       5
       4
       1
       1
       2
       1
       2
       4
       6
       3
       1
       2
       2
       1
       3
       3
       1
       2
       4
       2
       6
       7
       5
       3
       2
       2
       2
       5
       4
       5
       1
       1
       2
       2
       1
       2
       0
       1
       2
       3
       1
       1
       0
       4
       5
       3
       1
       2
       5
       2
       1
       2
       1
       1
       0
       1
       2
       2
       1
       1
       3
       2
       1
       5
       4
       4
       1
       3
       1
       3
       3
       3
       2
       4
       1
       2
       0
       2
       2
       2
       3
       3
       4
       5
       0
       1
       2
       1
       6
       1
       3
       1
       4
       2
       2
       3
       1
       3
       1
       2
       4
       3
       2
       2
       1
       2
       3
       2
       1
       2
       1
       2
       0
       2
       2
       1
       2
       6
       4
       5
       1
       1
       1
       1
       4
       0
       1
       3
       2
       0
       1
       1
       0
       1
       1
       2
       3
       4
       3
       2
       2
       1
       4
       2
       4
       2
       0
       3
       0
       4
       1
       1
       3
       2
       2
       5
       2
       2
       1
       3
       1
       3
       3
       1
       1
       2
       1
       2
       3
       0
       0
       1
       4
       3
       2
       2
       3
       3
       1
       0
       2
       2
       4
       5
       1
       1
       0
       4
       1
       1
       1
       4
       3
       0
       1
       1
       0
       1
       5
       1
       3
       0
       2
       2
       1
       3
       4
       2
       2
       1
       0
       0
       0
       0
       0
       0
       0
       0
       0
       0
       0
       0
       0
       0
       0
       0
       0
       0
       0
       0
       0
       0
       0
       0
       0
       0
       0
       0
       0
       0
       0
       0
       0
       0
       0
       0
       0
       0
       0
       0
       0
       0
       0
       0
       0
       0
       0
       0
       0
       0
       0
       0
       0
       0
       0
       0
       0
       0
       0
       0
       0
       0
       0
       0
       0
       0
       0
       0
       0
       0
       0
       0
       0
       0
       0
       0
       0
       0
       0
       0
       0
       0
       0
       0
       0
       0
       0
       0
       0
       0
       0
       0
       0
       0
       0
       0
       0
       0
       0
       0
       0
       0
       0
       0
       0
       0
       0
       0
       0
       0
       0
       0
       0
       0
       0
       0
       0
       0
       0
       0
       0
       0
       0
       0
       0
       0
       0
       0
       0
       0
       0
       0
       0
       0
       0
       0
       0
       0
       0
       0
       0
       0
       0
       0
       0
       0
       0
       0
       0
       0
       0
       0
       0
       0
       0
       0
       0
       0
       0
       0
       0
       0
       0
       0
       0
       0
       0
       0
       0
       0
       0
       0
       0
       0
       0
       0
       0
       0
       0
       0
       0
       0
       0
       0
       0
$ROI:
2
384 392
3023 3039
$PRESETS:
Live Time
3600
0
$ENER_FIT:
-12.173284 0.222096
$MCA_CAL:
3
-1.217328E+001 2.220961E-001 0.000000E+000 
$SHAPE_CAL:
3
9.772812E-001 5.853169E-005 0.000000E+000
