$SPEC_ID:
Bottom NaI(Ti)
$SPEC_REM:
DET# 1
DETDESC# ISC-PHYSICS3 Easy-MCA-8k SN 11255024
AP# Maestro Version 6.08
$DATE_MEA:
10/21/2022 22:44:00
$MEAS_TIM:
599 599
$DATA:
0 4095
       0
       0
       0
       0
       0
    1337
   14427
   12828
    2985
     337
      69
     392
     132
      99
      84
      57
      71
      57
      50
      32
      42
      35
      23
      19
      18
      27
      14
      11
      20
       9
      11
      15
       8
       9
      18
      10
      13
      14
      11
       8
      13
       6
      10
      12
      13
       8
      14
      14
       9
      13
      13
       9
      12
      11
      12
      15
      20
      10
      11
      15
       6
      21
      13
      14
      10
      16
       9
      12
      16
      15
      18
      14
      21
      15
      13
       9
      14
      17
       9
      13
      10
      14
      12
      11
      18
       9
       8
      11
      14
      17
      13
       8
      13
      10
      12
      12
      14
      13
      18
      17
      13
      11
      17
      11
      10
      18
      21
       8
      12
       6
      13
      12
      13
      20
      16
       9
      22
      16
      22
      16
      11
       9
      14
      19
      17
      17
      11
      12
      16
      14
      13
      14
      12
      17
       8
      11
      15
      12
      16
      12
      12
      20
      16
       9
      18
      18
      20
      13
      20
      15
      15
      18
      16
      20
       9
      16
      21
      12
      16
      20
      16
      24
      11
      33
      15
      18
      19
      22
      18
      19
      19
      17
      24
      13
      21
      18
      20
      14
      17
      18
      15
      11
      23
      11
      13
      11
      13
      17
      15
      10
      17
      21
       9
      18
      14
      17
      15
      19
      10
      13
      21
      16
      18
       9
      24
      10
      12
      13
      12
      22
      20
      11
      18
      17
      18
      19
      17
      22
      21
      19
      23
      18
      23
      21
      12
      17
      17
      16
      16
      23
      27
      24
      30
      17
      14
      25
      27
      17
      17
      19
      24
      30
      21
      25
      18
      15
      18
      18
      23
      25
      15
      13
      26
      15
      23
      20
      19
      27
      15
      19
      21
      14
      19
      12
      19
      23
      20
      21
      12
      18
      20
       9
      16
      18
      22
      25
      20
      20
      18
      14
      16
      14
      23
      23
      28
      13
      15
      23
      23
      22
      19
      17
      20
      20
      14
      17
      11
      20
      15
      15
      20
      25
      23
      27
      21
      25
      17
      30
      19
      18
      15
      13
      13
      21
      18
      14
      20
      18
      15
      22
      19
      21
      23
      20
      21
      30
      19
      22
      22
      30
      30
      25
      25
      20
      19
      29
      17
      26
      18
      24
      24
      25
      29
      20
      35
      30
      28
      21
      28
      33
      29
      40
      28
      32
      35
      33
      26
      38
      42
      30
      46
      36
      34
      38
      43
      44
      49
      50
      46
      54
      50
      37
      40
      56
      51
      64
      60
      73
      52
      83
      61
      73
      71
      60
      71
      58
      86
      78
      73
      82
      71
      61
      66
      75
      68
      61
      72
      71
      68
      82
      77
      82
      80
      76
      55
      82
      85
      72
      62
      58
      74
      62
      60
      70
      54
      58
      58
      64
      53
      50
      46
      45
      57
      72
      45
      47
      44
      50
      42
      52
      42
      43
      42
      66
      44
      44
      49
      50
      40
      47
      45
      43
      56
      50
      55
      45
      44
      47
      50
      36
      41
      48
      41
      47
      61
      30
      53
      50
      48
      50
      41
      32
      41
      46
      28
      48
      43
      42
      32
      32
      47
      40
      28
      39
      34
      42
      33
      44
      40
      29
      32
      31
      29
      29
      30
      32
      25
      28
      36
      23
      42
      27
      29
      28
      30
      31
      37
      20
      21
      23
      20
      36
      36
      28
      23
      20
      32
      25
      35
      30
      19
      22
      26
      19
      30
      32
      27
      16
      25
      31
      29
      31
      30
      33
      34
      27
      39
      36
      33
      29
      38
      21
      38
      33
      28
      21
      25
      24
      36
      36
      42
      37
      26
      20
      32
      29
      34
      20
      38
      28
      26
      26
      27
      27
      23
      32
      29
      36
      39
      32
      24
      37
      38
      25
      23
      43
      33
      41
      26
      50
      31
      39
      25
      42
      32
      27
      39
      38
      39
      31
      32
      31
      26
      21
      32
      33
      31
      23
      22
      20
      30
      31
      39
      34
      36
      24
      23
      35
      23
      28
      36
      44
      32
      36
      33
      29
      34
      30
      28
      29
      33
      29
      34
      18
      27
      29
      30
      34
      30
      42
      32
      30
      31
      28
      29
      23
      30
      35
      18
      30
      37
      25
      32
      38
      31
      29
      36
      31
      24
      20
      38
      29
      33
      35
      32
      21
      34
      39
      38
      35
      24
      27
      27
      26
      42
      42
      25
      32
      32
      38
      27
      34
      32
      33
      33
      39
      37
      32
      39
      38
      21
      29
      29
      27
      32
      29
      31
      25
      39
      42
      21
      20
      29
      29
      23
      23
      28
      29
      28
      31
      25
      35
      38
      31
      25
      38
      32
      30
      38
      23
      29
      25
      37
      28
      39
      31
      20
      39
      27
      32
      34
      23
      37
      28
      30
      40
      27
      28
      35
      31
      28
      34
      33
      33
      36
      41
      21
      36
      34
      33
      31
      30
      45
      35
      29
      29
      21
      27
      39
      36
      29
      23
      34
      27
      31
      28
      29
      38
      26
      32
      34
      34
      33
      37
      35
      34
      40
      24
      27
      43
      25
      36
      31
      38
      29
      34
      36
      32
      22
      20
      24
      46
      30
      35
      32
      31
      30
      31
      31
      33
      26
      47
      31
      30
      36
      36
      31
      28
      22
      29
      37
      24
      35
      27
      23
      34
      29
      41
      30
      35
      45
      36
      32
      30
      25
      42
      22
      25
      30
      31
      30
      33
      23
      24
      30
      21
      43
      28
      38
      34
      24
      35
      36
      31
      45
      18
      42
      34
      34
      36
      32
      31
      36
      26
      41
      33
      30
      31
      22
      36
      27
      37
      37
      39
      28
      25
      38
      36
      31
      37
      35
      39
      31
      36
      43
      44
      32
      28
      34
      34
      39
      36
      30
      32
      32
      36
      31
      43
      41
      35
      32
      33
      41
      41
      29
      40
      40
      44
      25
      54
      35
      32
      30
      37
      35
      38
      29
      41
      39
      40
      37
      40
      22
      35
      45
      40
      32
      35
      34
      36
      34
      39
      43
      57
      42
      43
      57
      42
      44
      41
      38
      40
      44
      42
      39
      31
      25
      40
      28
      37
      44
      61
      33
      40
      38
      36
      40
      48
      32
      42
      50
      31
      38
      36
      42
      37
      33
      37
      44
      41
      43
      34
      48
      35
      42
      49
      34
      37
      29
      38
      32
      35
      44
      31
      42
      36
      33
      27
      37
      28
      30
      40
      32
      37
      27
      37
      39
      37
      37
      28
      29
      36
      35
      36
      44
      30
      35
      33
      46
      51
      42
      28
      22
      40
      31
      31
      28
      34
      30
      32
      31
      25
      34
      31
      47
      35
      33
      40
      29
      29
      41
      43
      20
      27
      27
      39
      26
      37
      35
      26
      28
      35
      32
      27
      25
      36
      32
      29
      37
      30
      29
      35
      30
      37
      24
      28
      31
      44
      37
      23
      34
      29
      28
      32
      32
      36
      32
      24
      42
      29
      34
      24
      29
      28
      26
      29
      34
      22
      32
      29
      29
      33
      28
      27
      36
      31
      32
      47
      35
      35
      34
      34
      28
      20
      32
      35
      37
      35
      26
      23
      33
      24
      35
      22
      35
      31
      31
      24
      22
      28
      29
      24
      28
      37
      23
      32
      37
      28
      39
      22
      30
      37
      36
      18
      39
      24
      41
      28
      24
      30
      29
      21
      27
      41
      33
      21
      30
      27
      28
      18
      27
      29
      21
      32
      33
      36
      36
      29
      29
      28
      32
      34
      32
      33
      28
      43
      31
      27
      21
      32
      27
      35
      29
      29
      24
      28
      26
      29
      42
      21
      31
      39
      35
      33
      36
      35
      25
      27
      31
      22
      20
      27
      33
      30
      34
      25
      25
      27
      44
      34
      40
      35
      44
      25
      38
      40
      35
      27
      23
      26
      28
      25
      40
      32
      32
      21
      31
      35
      28
      30
      25
      34
      43
      23
      20
      28
      28
      23
      27
      24
      26
      33
      23
      31
      31
      25
      38
      36
      20
      30
      35
      34
      31
      22
      22
      22
      23
      42
      23
      38
      29
      31
      36
      36
      24
      21
      38
      26
      21
      37
      22
      21
      29
      36
      36
      41
      35
      25
      31
      41
      37
      34
      46
      36
      33
      23
      26
      33
      35
      38
      35
      36
      38
      27
      23
      26
      40
      32
      30
      35
      40
      27
      40
      27
      33
      26
      52
      23
      27
      22
      28
      26
      33
      34
      28
      27
      40
      34
      32
      34
      42
      30
      32
      23
      40
      27
      28
      35
      27
      43
      39
      38
      32
      40
      34
      32
      37
      34
      34
      30
      44
      41
      20
      31
      31
      29
      29
      24
      40
      33
      28
      36
      40
      33
      26
      44
      38
      30
      42
      32
      44
      40
      38
      41
      33
      31
      36
      44
      32
      35
      43
      45
      38
      34
      33
      35
      29
      38
      33
      39
      35
      31
      35
      41
      43
      28
      33
      28
      34
      50
      32
      34
      36
      34
      44
      35
      30
      43
      43
      43
      41
      31
      45
      38
      31
      39
      29
      40
      36
      29
      32
      37
      34
      37
      34
      43
      30
      38
      30
      41
      43
      34
      34
      39
      26
      40
      34
      48
      40
      42
      32
      36
      31
      31
      32
      23
      38
      38
      33
      29
      32
      33
      27
      42
      41
      37
      32
      34
      44
      46
      37
      36
      43
      38
      23
      27
      42
      46
      31
      28
      37
      32
      44
      37
      34
      37
      28
      41
      33
      25
      36
      38
      37
      26
      37
      28
      30
      28
      38
      41
      29
      34
      27
      33
      33
      35
      33
      41
      29
      28
      37
      37
      51
      23
      39
      32
      42
      34
      25
      36
      28
      26
      30
      30
      39
      46
      25
      27
      37
      34
      39
      31
      36
      24
      31
      21
      35
      36
      28
      28
      28
      33
      25
      17
      22
      34
      27
      32
      34
      26
      29
      29
      30
      27
      22
      26
      31
      19
      16
      26
      24
      27
      32
      27
      35
      27
      16
      28
      22
      22
      28
      31
      28
      14
      24
      31
      27
      21
      24
      34
      25
      19
      27
      33
      23
      30
      15
      16
      21
      28
      28
      30
      23
      25
      29
      29
      23
      23
      20
      22
      20
      18
      23
      28
      15
      23
      19
      26
      30
      25
      28
      24
      24
      19
      33
      20
      21
      29
      30
      22
      20
      23
      22
      29
      20
      19
      34
      24
      17
      21
      17
      20
      18
      22
      21
      27
      29
      23
      33
      23
      20
      22
      25
      25
      27
      23
      24
      19
      27
      22
      18
      20
      20
      22
      30
      26
      21
      20
      21
      11
      18
      23
      23
      18
      24
      32
      31
      21
      19
      25
      23
      24
      19
      18
      17
      24
      19
      22
      24
      26
      18
      23
      21
      29
      22
      25
      25
      18
      19
      18
      21
      18
      27
      18
      23
      25
      20
      25
      25
      24
      22
      16
      21
      19
      29
      27
      17
      23
      22
      14
      24
      19
      25
      19
      16
      22
      21
      16
      19
      26
      23
      29
      17
      19
      23
      18
      27
      22
      12
      22
      28
      18
      19
      30
      26
      23
      22
      17
      17
      20
      33
      24
      16
      26
      24
      24
      18
      24
      17
      16
      28
      25
      34
      27
      26
      26
      19
      28
      19
      28
      30
      23
      27
      20
      24
      27
      14
      31
      29
      17
      29
      22
      21
      16
      21
      24
      18
      18
      24
      19
      20
      21
      19
      27
      16
      29
      24
      21
      12
      19
      27
      19
      23
      15
      17
      25
      28
      29
      24
      25
      22
      21
      17
      15
      16
      26
      18
      30
      14
      23
      18
      20
      18
      32
      19
      24
      20
      20
      17
      22
      25
      26
      19
      20
      26
      20
      11
      20
      13
      24
      30
      22
      16
      20
      29
      24
      25
      14
      23
      19
      10
      22
      24
      19
      23
      20
      23
      19
      20
      23
      25
      17
      18
      26
      23
      20
      18
      22
      25
      22
      26
      18
      18
      16
      17
      33
      30
      19
      14
      21
      16
      15
      19
      12
      17
      16
      22
      18
      15
      23
      24
      20
      22
      21
      11
      19
      18
      17
      20
      21
      19
      20
      18
      18
      26
      15
      26
      11
      23
      25
      18
      25
      27
      25
      31
      15
      25
      14
      13
      24
      21
      23
      21
      20
      17
      35
      23
      20
      19
      16
      26
      25
      23
      30
      23
      13
      15
      15
      24
      14
      21
      17
      20
      30
      26
      23
      22
      17
      24
      20
      22
      21
      21
      20
      26
      23
      18
      22
      22
      21
      25
      20
      19
      27
      25
      17
      21
      21
      19
      15
      33
      19
      11
      24
      22
      22
      19
      32
      16
      18
      18
      22
      14
      19
      27
      30
      24
      20
      30
      23
      24
      17
      20
      21
      18
      10
      17
      18
      13
      18
      31
      19
      17
      21
      30
      20
      28
      15
      21
      20
      25
      24
      13
      24
      23
      29
      17
      18
      21
      17
      24
      23
      23
      24
      28
      30
      21
      23
      21
      24
      20
      22
      24
      15
      20
      21
      25
      27
      25
      26
      22
      25
      22
      19
      24
      24
      23
      24
      15
      24
      21
      25
      30
      19
      22
      18
      18
      23
      22
      25
      24
      23
      21
      25
      21
      15
      21
      17
      22
      15
      31
      13
      31
      21
      28
      19
      14
      12
      22
      23
      19
      12
      23
      22
      21
      22
      21
      25
      17
      20
      18
      19
      24
      26
      18
      31
      19
      14
      23
      21
      15
      28
      24
      24
      19
      18
      16
      21
      29
      32
      24
      20
      20
      23
      25
      26
      21
      23
      23
      18
      22
      14
      13
      23
      22
      18
      34
      19
      21
      26
      25
      21
      11
      25
      24
      18
      17
      18
      25
      21
      11
      34
      22
      20
      22
      31
      17
      13
      28
      16
      15
      24
      22
      26
      23
      27
      21
      21
      17
      21
      19
      25
      23
      17
      20
      27
      29
      18
      20
      20
      13
      24
      23
      28
      30
      22
      21
      17
      20
      19
      13
      27
      11
      12
      22
      19
      23
      24
      23
      18
      19
      18
      27
      15
      11
      25
      20
      14
      28
      15
      23
      21
      17
      24
      26
      21
      27
      15
      19
      16
      18
      19
      18
      25
      15
      16
      13
      16
      17
      22
      18
      16
      32
      14
      28
      21
      16
      28
      31
      23
      14
      23
      26
      10
      12
      21
      31
      20
      19
      21
      24
      12
      14
      21
      15
      15
      25
      16
      21
      18
      10
      12
      15
      24
      17
      21
      24
      21
      23
      22
      17
      22
      20
      20
      20
      14
      19
      22
       9
      17
      23
      17
      17
      15
      23
      11
      23
      34
      18
      19
      27
      21
      16
      19
      19
      13
      19
      29
      18
      12
      15
      14
      20
      13
      18
      18
      17
      21
      25
      18
      20
      15
      19
      13
      21
      19
      18
      29
      22
      23
      15
      19
      20
      19
      18
      20
      16
      17
      15
      24
      17
      14
      16
      17
      16
      15
      21
      15
      14
      20
      15
      22
      17
      13
      21
      19
      14
      19
      11
      14
      22
      18
      15
      12
      21
      13
      16
      20
      17
      19
      17
      22
      13
      17
      15
      18
      20
      16
      15
      18
      11
      21
      13
      18
      22
      21
      24
      18
      12
      20
      18
      15
      23
      14
      18
      15
      17
      28
      18
      18
      19
      19
      23
      17
      18
      19
      20
      16
      24
      12
      16
      17
      16
      17
      14
      11
      12
      22
      19
      20
      20
      16
      16
      14
      17
      16
       9
      19
      17
      16
      15
      14
      17
      19
      14
       9
      13
      18
      23
      15
      24
      19
      17
      21
      11
      23
      24
      17
      18
      13
      13
      19
      13
      14
      16
      10
      19
      23
      22
      12
      16
      16
      13
      13
      21
      13
      20
      15
      15
      17
      21
      17
      17
      17
      15
      21
      14
      21
      17
      18
      16
      19
      16
      17
      17
      20
      19
       9
      17
      11
      17
      11
      18
      22
      15
      19
      16
      25
      22
      19
      20
      25
      20
      16
      16
      14
      15
      21
      20
      11
      12
       9
      20
      25
      15
      13
      16
      12
      14
      16
      15
      16
      22
      20
      16
      14
      18
      22
      22
      19
      17
      17
      24
      15
      14
      20
      14
      18
      11
      18
      18
      23
      26
      27
      19
      15
      13
      10
      19
      16
      21
      22
      20
      16
      18
      25
      11
      16
      19
      16
      10
      21
      18
      21
      21
      19
      19
      17
      19
      17
      12
      15
      13
      11
      20
      19
      19
      27
      17
      21
      14
      17
      16
      20
      23
      17
      13
      17
      12
      15
      13
      11
      29
      17
      23
      13
      11
      18
      22
      17
      13
      21
      14
      14
      14
      15
      20
      11
      13
      14
      18
      13
      18
      21
      20
      16
      17
      11
      18
      10
      22
      19
      22
      13
      21
      12
      13
      16
      14
      16
      15
      18
      15
      25
      19
      15
      13
      15
      15
       9
      19
      18
       8
       7
      18
      22
      17
      24
      19
      17
      15
       9
      12
      19
      22
      14
      14
       7
      19
       7
      17
      16
      18
      17
      12
       9
      16
       8
      16
      14
      17
      15
      14
      17
      20
      17
      18
      17
      13
      12
      13
      12
      18
      13
      12
      16
      20
      14
       6
      12
      10
      14
      14
      13
      14
       9
       9
      25
      18
      15
      17
      17
      11
      18
      16
      15
      14
      21
      11
      19
      11
      11
      16
      15
      13
      17
      18
      15
      11
      17
      16
      20
      17
      24
      15
      13
      15
      14
      10
      19
      10
      12
      11
      20
      20
      14
      14
      17
      21
       9
      11
      10
      10
      16
      12
      13
      16
      22
      12
      11
      16
      20
      19
      14
      16
      17
       9
      13
      24
      15
       9
      15
      22
      10
      18
      15
      16
      21
      22
      19
      13
      17
      15
      14
      14
      16
      17
      14
      16
      13
      17
      23
      28
      20
      12
      20
      11
      16
      16
      17
      14
      15
      12
      16
      16
       7
      15
      13
      17
      16
      16
      17
      13
      14
      18
      17
      15
      23
      20
      14
      18
      20
      17
      19
      13
      23
      20
      16
      16
       9
      19
      19
      16
      23
      16
      15
      22
      22
      15
      20
      18
      21
      31
      25
      18
      13
      15
      17
      19
      21
      24
      17
      13
      18
      17
      14
      17
      21
      15
      11
      19
      27
      17
      15
      14
      12
      17
      13
      22
      13
       9
      15
      21
      14
      25
      13
      22
      12
      14
      21
      16
      19
      16
      18
      14
      11
      22
      18
      12
      22
      13
      16
      20
      13
      12
      20
      11
      15
      22
      12
      12
      16
      20
      15
      14
      21
      13
      17
      14
       9
      13
      15
      13
      23
      17
      18
      16
      16
      13
      20
      20
      15
      17
      21
      15
      18
      20
       9
      18
      19
      16
      11
      15
      15
      17
      11
      19
      13
      18
      22
      21
      20
      20
      18
      16
      10
      18
      22
      15
      20
      13
      22
      21
      29
      17
      15
      17
      24
      18
      14
      24
      12
      17
      11
      20
      24
      17
      36
      16
      25
      19
      19
      32
       9
      23
      21
      25
      16
      19
      18
      23
      21
      20
      18
      18
      26
      25
      20
      20
      19
      21
      26
      22
      19
      25
      21
      16
      19
      25
      20
      29
      31
      22
      22
      22
      30
      18
      20
      31
      16
      24
      15
      23
      14
      32
      32
      27
      23
      28
      26
      19
      24
      21
      24
      28
      29
      31
      28
      30
      30
      27
      22
      23
      30
      38
      28
      20
      22
      21
      28
      32
      29
      27
      30
      21
      35
      25
      34
      28
      24
      22
      38
      35
      37
      27
      32
      25
      31
      33
      32
      38
      31
      27
      28
      44
      23
      33
      30
      43
      39
      30
      36
      38
      31
      34
      41
      22
      22
      40
      31
      27
      38
      36
      34
      39
      36
      57
      40
      35
      39
      38
      28
      30
      44
      42
      58
      47
      38
      31
      45
      52
      38
      30
      44
      53
      45
      39
      45
      41
      39
      43
      40
      42
      53
      41
      45
      59
      48
      39
      45
      37
      38
      43
      43
      35
      40
      45
      42
      42
      44
      49
      53
      42
      40
      48
      61
      44
      41
      50
      49
      46
      51
      61
      49
      30
      56
      46
      49
      56
      52
      51
      45
      52
      38
      38
      53
      49
      29
      58
      46
      48
      50
      54
      65
      49
      63
      46
      54
      49
      60
      63
      48
      42
      55
      53
      45
      45
      53
      41
      48
      56
      46
      59
      52
      46
      47
      49
      40
      43
      49
      45
      48
      46
      60
      42
      70
      42
      45
      47
      38
      56
      45
      54
      42
      45
      41
      47
      50
      56
      51
      46
      46
      49
      37
      53
      48
      37
      52
      29
      60
      35
      45
      43
      48
      43
      39
      42
      37
      38
      35
      40
      58
      37
      38
      35
      28
      38
      35
      44
      33
      38
      39
      33
      30
      39
      32
      32
      34
      23
      32
      35
      29
      31
      28
      31
      40
      36
      26
      34
      37
      50
      26
      23
      36
      39
      34
      33
      32
      30
      29
      32
      35
      21
      28
      28
      29
      17
      22
      20
      22
      30
      30
      24
      19
      29
      25
      17
      26
      24
      20
      19
      19
      24
      22
      20
      13
      24
      20
      17
      21
      10
      20
      12
      16
      20
      14
      19
       9
      14
      14
      14
      19
      17
      20
      13
      15
      12
      12
      20
      11
      11
      16
       9
      13
      12
      10
       8
       8
      14
      12
       8
      13
       6
      10
      11
       9
      12
       7
      10
       8
       9
      10
       6
       8
      10
       7
       6
       8
      10
       3
       4
      10
       5
       8
      12
       5
       8
      12
       9
       5
       6
      10
      10
       6
       7
       4
       3
       3
       5
       4
       6
       4
       4
       6
       5
       5
       4
       7
       3
       2
       2
       6
       5
       3
       4
       4
       2
       4
       3
       4
       5
       1
       3
      10
       3
       2
       4
       6
       3
       3
       2
       2
       4
       4
       3
       2
       2
       2
       6
       6
       4
       2
       7
       3
       6
       2
       7
       2
       2
       1
       5
       4
       1
       1
       1
       2
       3
       5
       4
       3
       3
       1
       2
       3
       5
       4
       3
       3
       2
       3
       2
       3
       6
       1
       3
       3
       2
       3
       2
       2
       4
       4
       3
       3
       1
       1
       2
       7
       5
       1
       3
       3
       2
       2
       0
       2
       2
       1
       3
       2
       2
       2
       6
       1
       3
       1
       1
       2
       3
       5
       3
       0
       3
       2
       1
       2
       3
       4
       6
       1
       0
       1
       4
       1
       6
       2
       1
       1
       2
       2
       3
       3
       0
       3
       2
       1
       0
       1
       4
       3
       3
       0
       4
       1
       1
       0
       6
       1
       1
       0
       0
       1
       2
       4
       0
       2
       0
       1
       5
       0
       4
       2
       6
       2
       3
       2
       2
       1
       1
       2
       2
       2
       1
       2
       3
       1
       2
       3
       4
       1
       3
       3
       1
       3
       6
       1
       2
       4
       3
       1
       0
       1
       3
       3
       0
       2
       3
       5
       1
       5
       4
       2
       0
       3
       2
       0
       2
       1
       1
       0
       1
       4
       3
       1
       3
       3
       2
       2
       6
       3
       3
       2
       2
       1
       3
       2
       2
       5
       4
       0
       3
       2
       2
       4
       2
       3
       1
       1
       2
       2
       1
       1
       3
       3
       0
       1
       1
       1
       0
       1
       2
       0
       1
       0
       1
       6
       3
       2
       1
       1
       3
       1
       1
       3
       1
       3
       2
       2
       5
       5
       1
       4
       3
       4
       3
       5
       1
       2
       3
       2
       4
       2
       0
       0
       5
       3
       1
       5
       3
       0
       3
       2
       3
       1
       0
       2
       4
       0
       3
       2
       5
       3
       1
       1
       2
       0
       4
       1
       2
       1
       1
       1
       0
       2
       2
       3
       0
       3
       2
       3
       1
       1
       3
       1
       3
       6
       3
       2
       3
       2
       0
       2
       1
       2
       1
       1
       4
       1
       0
       5
       5
       3
       6
       1
       2
       1
       1
       3
       1
       4
       1
       2
       3
       3
       3
       1
       3
       3
       3
       2
       7
       2
       4
       3
       3
       2
       3
       1
       2
       2
       5
       3
       2
       0
       5
       1
       2
       1
       0
       1
       1
       1
       1
       2
       2
       1
       1
       5
       0
       0
       1
       1
       3
       0
       2
       4
       2
       3
       2
       3
       5
       2
       0
       1
       2
       3
       2
       2
       2
       0
       2
       3
       1
       1
       1
       2
       3
       2
       2
       1
       3
       2
       4
       1
       0
       5
       2
       1
       1
       1
       1
       2
       3
       0
       4
       3
       2
       1
       1
       0
       1
       1
       1
       2
       1
       3
       1
       4
       2
       1
       5
       0
       1
       2
       2
       3
       1
       2
       3
       3
       2
       1
       3
       1
       1
       3
       1
       5
       1
       1
       1
       0
       2
       2
       1
       6
       0
       1
       1
       3
       1
       1
       1
       4
       1
       5
       2
       1
       1
       2
       6
       2
       3
       0
       1
       2
       1
       3
       4
       1
       0
       3
       1
       1
       1
       4
       2
       0
       2
       3
       4
       3
       3
       3
       0
       2
       1
       2
       2
       3
       1
       2
       6
       4
       1
       3
       3
       2
       0
       0
       4
       0
       1
       3
       0
       3
       3
       3
       1
       1
       1
       0
       2
       2
       2
       1
       1
       1
       4
       1
       3
       1
       2
       3
       1
       2
       2
       1
       0
       0
       4
       3
       1
       4
       0
       2
       2
       1
       1
       4
       1
       4
       4
       3
       4
       1
       0
       2
       0
       2
       4
       5
       0
       1
       2
       0
       0
       5
       1
       1
       2
       2
       2
       1
       2
       1
       4
       0
       2
       1
       2
       1
       1
       2
       2
       2
       0
       2
       5
       3
       4
       3
       1
       2
       2
       0
       3
       6
       1
       1
       1
       1
       2
       1
       3
       0
       3
       2
       3
       3
       2
       2
       3
       2
       3
       1
       2
       2
       2
       1
       1
       3
       2
       0
       1
       0
       3
       2
       3
       0
       3
       2
       0
       0
       0
       0
       0
       0
       0
       0
       0
       1
       0
       0
       0
       0
       0
       0
       0
       0
       0
       0
       0
       0
       0
       0
       0
       0
       0
       0
       0
       0
       0
       0
       0
       0
       0
       0
       0
       0
       0
       0
       0
       0
       0
       0
       0
       0
       0
       0
       0
       0
       0
       0
       0
       0
       0
       0
       0
       0
       0
       0
       0
       0
       0
       0
       0
       0
       0
       0
       0
       0
       0
       0
       0
       0
       0
       0
       0
       0
       0
       0
       0
       0
       0
       0
       0
       0
       0
       0
       0
       0
       0
       0
       0
       0
       0
       0
       0
       0
       0
       0
       0
       0
       0
       0
       0
       0
       0
       0
       0
       0
       0
       0
       0
       0
       0
       0
       0
       0
       0
       0
       0
       0
       0
       0
       0
       0
       0
       0
       0
       0
       0
       0
       0
       0
       0
       0
       0
       0
       0
       0
       0
       0
       0
       0
       0
       0
       0
       0
       0
       0
       0
       0
       0
       0
       0
       0
       0
       0
       0
       0
       0
       0
       0
       0
       0
       0
       0
       0
       0
       0
       0
       0
       0
       0
       0
       0
       0
       0
       0
       0
       0
       0
       0
       0
$ROI:
2
384 392
3023 3039
$PRESETS:
Live Time
3600
0
$ENER_FIT:
-12.173284 0.222096
$MCA_CAL:
3
-1.217328E+001 2.220961E-001 0.000000E+000 
$SHAPE_CAL:
3
9.772812E-001 5.853169E-005 0.000000E+000
